1.5708    0
1.57078    -0.000407655
1.57058    -0.00862458
1.56446    -0.165062
1.52111    -0.809652
1.38074    -2.08828
1.0872    -3.81466
0.612349    -5.659
-0.0049629    -6.24624
-0.554993    -4.6288
-0.914248    -2.56296
-1.07879    -0.832126
-1.1209    -0.253133
-1.15964    -0.561961
-1.22934    -0.787307
-1.3095    -0.792668
-1.38628    -0.75093
-1.46274    -0.79143
-1.54025    -0.683444
-1.57484    0.13529
-1.48851    1.68073
-1.22351    3.64073
-0.753197    5.78187
-0.0799964    7.35886
0.590051    5.74559
1.05004    3.48839
1.28869    1.30067
1.32777    -0.38119
1.25692    -0.783817
1.19499    -0.460297
1.15571    -0.378833
1.11151    -0.525405
1.05038    -0.679674
0.983509    -0.598602
0.946888    -0.0417215
0.982297    0.641434
1.00718    -0.532834
0.835705    -2.9009
0.425413    -5.23876
-0.196397    -7.02853
-0.870184    -5.957
-1.36521    -4.01543
-1.68241    -2.37725
-1.85407    -1.12619
-1.92346    -0.338474
-1.93511    0.0504372
-1.92065    0.219624
-1.89134    0.383743
-1.83711    0.752611
-1.72801    1.50269
-1.52122    2.69956
-1.17483    4.26624
-0.664188    5.8988
-0.0511407    5.89395
0.450639    4.08453
0.752653    1.9561
0.863316    0.474989
0.907475    0.648259
1.00698    1.29694
1.15482    1.60481
1.32013    1.68525
1.49097    1.73406
1.66289    1.64736
1.80168    1.02087
1.84721    -0.199975
1.74481    -1.91445
1.45349    -3.91582
0.958829    -5.99391
0.240376    -8.48607
-0.57897    -7.05597
-1.16212    -4.74933
-1.52786    -2.54741
-1.67542    -0.438127
-1.63041    1.24855
-1.45551    2.03222
-1.25999    1.82726
-1.08539    1.71518
-0.910607    1.79131
-0.730839    1.76239
-0.573842    1.27366
-0.504953    -0.0706919
-0.606001    -1.76286
-0.707082    0.295249
-0.524955    3.18926
-0.0877571    5.44953
0.552324    7.30704
1.25777    6.20773
1.78898    4.55767
2.1872    3.46643
2.49217    2.67233
2.7285    2.08063
2.91116    1.57458
3.04019    0.972315
3.0948    0.0489266
3.03436    -1.3287
2.82121    -2.93114
2.45645    -4.29872
1.97663    -5.21281
1.43525    -5.48212
0.902988    -5.11253
0.405042    -5.00707
-0.153704    -6.72377
-0.954265    -7.04377
-1.46827    -3.73368
-1.74332    -1.83714
-1.84065    -0.135497
-1.78252    1.20181
-1.62116    1.93033
-1.41151    2.20528
-1.18909    2.21015
-0.9725    2.13205
-0.75469    2.29677
-0.49247    3.09456
-0.087904    5.45739
0.59673    6.15224
1.00908    2.56584
1.15318    0.425995
1.11067    -1.18191
0.938643    -2.1378
0.705097    -2.44463
0.460981    -2.42122
0.216967    -2.52092
-0.064108    -3.27221
-0.489535    -5.64542
-1.0373    -4.02948
-1.28827    -1.18366
-1.28983    1.09451
-1.0841    2.89867
-0.737438    3.89635
-0.323348    4.37034
0.150305    5.32509
0.78491    7.25514
1.37509    4.5343
1.73208    2.73972
1.9329    1.28134
1.98718    -0.193619
1.89923    -1.51376
1.6978    -2.43905
1.42617    -2.92489
1.12333    -3.10351
0.804278    -3.32753
0.438056    -4.17489
-0.092478    -7.04053
-0.801178    -5.28861
-1.18977    -2.79985
-1.39013    -1.27969
-1.45617    -0.092933
-1.42033    0.747116
-1.31833    1.24346
-1.17864    1.53171
-1.01187    1.82543
-0.804737    2.38699
-0.513181    3.61624
-0.0230066    6.74212
0.633463    4.79486
0.976096    2.36114
1.13557    0.916333
1.17317    -0.0986243
1.12851    -0.735413
1.03562    -1.0894
0.913474    -1.35981
0.758148    -1.79688
0.538853    -2.70279
0.180109    -4.81836
-0.424279    -5.91522
-0.840053    -2.76201
-1.01961    -0.955624
-1.04779    0.318791
-0.970238    1.15913
-0.828815    1.61862
-0.652365    1.90701
-0.44247    2.34963
-0.162089    3.43127
0.292587    5.97451
0.83205    3.94625
1.09766    1.56716
1.16562    -0.139723
1.08247    -1.44664
0.892519    -2.2702
0.641338    -2.71622
0.349475    -3.16968
-0.0141625    -4.31543
-0.551401    -6.31374
-1.05766    -3.69205
-1.3204    -1.69563
-1.40929    -0.119203
-1.35157    1.2231
-1.17711    2.19334
-0.926045    2.77726
-0.625783    3.24895
-0.261658    4.19294
0.262167    6.63752
0.877351    4.75371
1.23607    2.64419
1.42783    1.24505
1.49202    0.0696442
1.44883    -0.891483
1.32234    -1.59648
1.13596    -2.11218
0.899612    -2.64201
0.59511    -3.56478
0.144802    -5.84074
-0.513143    -5.6118
-0.932761    -3.12075
-1.17303    -1.78196
-1.30084    -0.814489
-1.34239    -0.0440986
-1.31414    0.592833
-1.22539    1.18349
-1.0748    1.85496
-0.84516    2.81373
-0.48518    4.63878
0.106863    6.61636
0.615474    3.78679
0.913681    2.34038
1.10162    1.47202
1.21463    0.806506
1.2644    0.186524
1.24983    -0.495698
1.16039    -1.32448
0.976396    -2.41805
0.655189    -4.20677
0.104837    -6.56204
-0.421529    -3.99504
-0.741523    -2.59002
-0.959495    -1.8248
-1.11178    -1.22726
-1.20317    -0.579657
-1.22212    0.233548
-1.14936    1.26132
-0.959623    2.6114
-0.59979    4.84154
-0.0209416    5.53937
0.407206    3.31679
0.681162    2.28292
0.876421    1.65185
1.01235    1.0522
1.08129    0.289579
1.06195    -0.721936
0.926439    -2.05895
0.627514    -4.12485
0.106205    -5.51288
-0.3218    -3.23624
-0.579625    -2.06023
-0.74953    -1.38196
-0.859631    -0.819027
-0.909916    -0.15691
-0.88311    0.74156
-0.74946    2.01528
-0.454301    4.11007
0.0535464    5.07803
0.435248    2.76627
0.642059    1.4967
0.750055    0.714286
0.791203    0.124955
0.775323    -0.455078
0.694765    -1.19895
0.522651    -2.3421
0.196201    -4.4298
-0.311229    -4.57288
-0.643985    -2.3016
-0.800966    -0.940173
-0.845549    -0.00359853
-0.809655    0.691293
-0.710685    1.28595
-0.549048    1.98826
-0.297822    3.16958
0.117868    5.28115
0.609313    3.84009
0.887029    1.89142
1.00785    0.592065
1.01514    -0.403992
0.934281    -1.1822
0.782625    -1.84594
0.561613    -2.62314
0.238923    -4.00815
-0.262467    -5.76085
-0.73442    -3.56958
-1.00283    -1.93661
-1.13706    -0.795495
-1.16861    0.137323
-1.11414    0.932971
-0.984287    1.66233
-0.778667    2.48847
-0.471157    3.80696
0.015847    6.00061
0.549939    4.20552
0.877613    2.53139
1.07604    1.49341
1.18269    0.657381
1.20937    -0.120657
1.15809    -0.912707
1.02369    -1.802
0.788159    -2.99241
0.397067    -5.06736
-0.170408    -5.15415
-0.574042    -3.15867
-0.832079    -2.09322
-1.00185    -1.32185
-1.0969    -0.569344
-1.11229    0.28433
-1.03454    1.30544
-0.841194    2.64217
-0.481043    4.75566
0.0454949    4.75462
0.418429    2.91942
0.657074    1.94087
0.815154    1.23714
0.903754    0.517046
0.91297    -0.368917
0.821047    -1.52854
0.590126    -3.23132
0.160759    -5.10685
-0.266871    -3.27186
-0.516896    -1.88084
-0.660737    -1.05094
-0.732956    -0.405294
-0.741011    0.261511
-0.674489    1.11467
-0.504685    2.38474
-0.169984    4.47975
0.298554    3.94747
0.586646    2.00208
0.72322    0.814738
0.760871    -0.0205084
0.724577    -0.689969
0.623003    -1.35746
0.445527    -2.26084
0.148547    -3.86251
-0.318329    -4.80507
-0.688606    -2.66648
-0.875325    -1.17195
-0.935857    -0.0864348
-0.899918    0.774608
-0.78514    1.51071
-0.596297    2.29772
-0.31212    3.51354
0.132349    5.3829
0.617321    3.84641
0.909454    2.14719
1.06393    0.995198
1.11523    0.0552498
1.07859    -0.774448
0.961619    -1.56735
0.761468    -2.47697
0.450262    -3.89507
-0.038954    -5.72372
-0.529116    -3.86328
-0.833889    -2.37926
-1.02088    -1.40485
-1.11938    -0.574673
-1.13607    0.245587
-1.06823    1.12773
-0.905082    2.18012
-0.616688    3.72545
-0.143324    5.53731
0.332859    3.79369
0.637507    2.44484
0.837103    1.5867
0.957477    0.817386
0.99766    -0.0363289
0.94449    -1.06365
0.774838    -2.40815
0.440908    -4.41739
-0.0407927    -4.33636
-0.379639    -2.61626
-0.588138    -1.63462
-0.714804    -0.916489
-0.771162    -0.19542
-0.748421    0.689126
-0.622662    1.90387
-0.345911    3.7909
0.0983915    4.2701
0.422921    2.34957
0.592994    1.15102
0.665308    0.335694
0.664671    -0.339483
0.596201    -1.05155
0.446075    -2.02043
0.171097    -3.64188
-0.265837    -4.42984
-0.606287    -2.43296
-0.773555    -1.01118
-0.821048    0.0142587
-0.777508    0.830971
-0.657477    1.57076
-0.458921    2.45295
-0.148424    3.91446
0.318519    4.87542
0.708763    2.93952
0.926285    1.50776
1.0217    0.438541
1.01925    -0.467063
0.930984    -1.29149
0.75978    -2.15582
0.489419    -3.35164
0.0648178    -5.23182
-0.442463    -4.24005
-0.775179    -2.57566
-0.976344    -1.50372
-1.08185    -0.621098
-1.10166    0.225845
-1.03536    1.11305
-0.87428    2.14965
-0.591171    3.63772
-0.133137    5.31901
0.330142    3.72897
0.629499    2.39178
0.822547    1.50572
0.932929    0.698051
0.9593    -0.19266
0.888636    -1.2596
0.696158    -2.68031
0.333939    -4.59784
-0.11566    -3.78164
-0.411816    -2.29457
-0.593277    -1.39363
-0.695955    -0.66744
-0.724942    0.109479
-0.667244    1.09297
-0.492637    2.50486
-0.147952    4.37087
0.260499    3.26891
0.50106    1.68684
0.616357    0.684357
0.645991    -0.0667009
0.604915    -0.759368
0.489828    -1.58466
0.273956    -2.84865
-0.0978913    -4.51958
-0.503523    -3.16692
-0.731079    -1.51059
-0.821582    -0.357745
-0.810693    0.543951
-0.716916    1.32156
-0.545054    2.14486
-0.275698    3.35658
0.144844    4.98442
0.592973    3.58319
0.86493    1.98178
1.00423    0.852265
1.04142    -0.0868676
0.989731    -0.937956
0.853817    -1.79209
0.624857    -2.85198
0.262277    -4.56521
-0.249906    -4.85901
-0.636714    -3.01425
-0.8754    -1.8398
-1.01307    -0.934873
-1.06396    -0.0821628
-1.02813    0.811496
-0.897354    1.83921
-0.648502    3.23966
-0.232119    5.04098
0.23479    3.85919
0.543195    2.45096
0.740694    1.54307
0.854922    0.740074
0.885948    -0.142444
0.820233    -1.21429
0.631091    -2.6634
0.272024    -4.48159
-0.150079    -3.47079
-0.418562    -2.03877
-0.574979    -1.1448
-0.652854    -0.421441
-0.65777    0.343864
-0.577083    1.32263
-0.377976    2.77767
-0.0114168    4.35068
0.36278    2.85785
0.568113    1.372
0.652763    0.376972
0.650653    -0.396296
0.575142    -1.1204
0.421459    -2.00488
0.157465    -3.40912
-0.257476    -4.45578
-0.618119    -2.68583
-0.809081    -1.22963
-0.875961    -0.151513
-0.845465    0.738044
-0.730957    1.55029
-0.532081    2.47084
-0.220907    3.8905
0.242736    4.91618
0.647293    3.14055
0.888212    1.77364
1.01292    0.754029
1.04293    -0.142038
0.985531    -1.00697
0.839348    -1.94159
0.587443    -3.186
0.181695    -4.98621
-0.307012    -4.16001
-0.638061    -2.60718
-0.845699    -1.59738
-0.962193    -0.739449
-0.992796    0.139008
