1.57001    0
1.57    -0.000414853
1.5698    -0.00847302
1.56373    -0.164287
1.52049    -0.808195
1.38028    -2.08654
1.08692    -3.81284
0.61225    -5.65717
-0.00493673    -6.246
-0.555025    -4.62988
-0.914422    -2.56472
-1.07915    -0.833785
-1.12133    -0.252727
-1.15995    -0.560157
-1.22946    -0.785353
-1.30942    -0.790822
-1.38602    -0.749163
-1.46231    -0.789724
-1.53966    -0.6821
-1.57414    0.136136
-1.48775    1.68131
-1.2227    3.64104
-0.752373    5.78177
-0.0792915    7.35564
0.59036    5.74188
1.05002    3.48549
1.28844    1.29899
1.32745    -0.38058
1.25678    -0.78133
1.19508    -0.458369
1.15596    -0.377309
1.11193    -0.52364
1.05101    -0.677073
0.984464    -0.594634
0.948297    -0.0369504
0.98391    0.637766
1.00775    -0.54689
0.834902    -2.9135
0.4235    -5.24889
-0.199021    -7.02839
-0.871793    -5.94352
-1.36555    -4.00318
-1.68156    -2.36563
-1.85212    -1.11599
-1.92059    -0.330421
-1.93155    0.0561708
-1.91662    0.223406
-1.88702    0.385696
-1.8327    0.752393
-1.72374    1.50032
-1.51727    2.69549
-1.17138    4.26021
-0.661593    5.8862
-0.0501097    5.87916
0.450567    4.07648
0.752171    1.95685
0.863598    0.48988
0.909466    0.663889
1.01016    1.30565
1.15869    1.61063
1.32458    1.69148
1.49608    1.74009
1.66825    1.6449
1.80625    1.00846
1.85028    -0.217051
1.74603    -1.93408
1.45274    -3.93491
0.95628    -6.01191
0.235871    -8.50421
-0.583168    -7.04664
-1.16564    -4.74408
-1.53096    -2.54388
-1.67825    -0.436471
-1.63314    1.24919
-1.45796    2.03886
-1.26151    1.83758
-1.08595    1.72385
-0.910413    1.79763
-0.73017    1.76535
-0.573122    1.27139
-0.5048    -0.0799454
-0.606565    -1.75832
-0.705658    0.319575
-0.521376    3.20758
-0.0826692    5.46305
0.558512    7.30868
1.26231    6.18723
1.79186    4.54394
2.18888    3.45574
2.49287    2.66361
2.72839    2.07295
2.91027    1.56624
3.03834    0.960926
3.09156    0.0319783
3.02908    -1.35235
2.81324    -2.9613
2.44508    -4.33671
1.96125    -5.25223
1.41675    -5.50222
0.883127    -5.12839
0.381343    -5.08161
-0.19317    -7.02164
-1.01088    -6.72039
-1.50579    -3.63529
-1.77519    -1.81201
-1.87302    -0.175999
-1.82385    1.05875
-1.6819    1.69172
-1.49861    1.92864
-1.30295    1.96017
-1.10885    1.92989
-0.910101    2.1087
-0.669113    2.8338
-0.305934    4.76406
0.338526    7.79194
0.880777    3.51995
1.11238    1.28251
1.15683    -0.307756
1.0699    -1.32414
0.91244    -1.73532
0.736451    -1.74265
0.566705    -1.66932
0.39362    -1.86709
0.171881    -2.72298
-0.200747    -5.18279
-0.794008    -4.71536
-1.08766    -1.46032
-1.11331    0.85388
-0.935856    2.56373
-0.628739    3.44084
-0.267359    3.75111
0.126692    4.2541
0.625989    6.08222
1.23181    4.91999
1.59666    2.56563
1.75925    0.696393
1.73443    -1.18668
1.53022    -2.80965
1.19522    -3.76139
0.798876    -4.10626
0.373367    -4.49886
-0.141016    -6.21224
-0.860105    -6.52678
-1.35264    -3.69967
-1.63796    -2.08885
-1.77727    -0.713848
-1.78538    0.512956
-1.68507    1.43256
-1.51062    2.00271
-1.29301    2.32119
-1.04792    2.59857
-0.763768    3.17084
-0.384465    4.68117
0.230878    7.7158
0.821122    4.1887
1.13474    2.28278
1.29853    1.05828
1.3573    0.169313
1.34222    -0.427058
1.27849    -0.827248
1.17784    -1.19591
1.03403    -1.72316
0.820894    -2.62768
0.479804    -4.45552
-0.115597    -7.25655
-0.660643    -3.85417
-0.948668    -2.10087
-1.10275    -1.05387
-1.17091    -0.357309
-1.18178    0.113298
-1.15081    0.507738
-1.07694    1.00031
-0.941932    1.75845
-0.708909    3.02615
-0.293322    5.71026
0.354875    5.32166
0.741122    2.77312
0.948201    1.48114
1.05234    0.657987
1.08863    0.101354
1.0767    -0.333028
1.0205    -0.813173
0.90687    -1.50978
0.704447    -2.64207
0.34362    -4.90272
-0.259841    -5.73736
-0.675776    -2.93797
-0.890568    -1.48866
-0.990037    -0.561465
-1.01244    0.0751984
-0.980259    0.554884
-0.901221    1.04251
-0.765102    1.73198
-0.538905    2.9177
-0.140437    5.41341
0.447148    4.79825
0.791581    2.38536
0.956228    1.00583
1.0064    0.0536499
0.976514    -0.610701
0.890066    -1.10271
0.755636    -1.60694
0.559799    -2.38526
0.253402    -3.96385
-0.262804    -6.05889
-0.731732    -3.32613
-0.965556    -1.50528
-1.05062    -0.260187
-1.02844    0.652087
-0.929382    1.29082
-0.77497    1.79227
-0.567228    2.41138
-0.274422    3.60869
0.196451    5.99582
0.727085    3.99369
1.01517    1.96009
1.13956    0.59196
1.14349    -0.46583
1.05553    -1.24936
0.900531    -1.82902
0.689924    -2.40844
0.406613    -3.37528
-0.0240183    -5.56157
-0.610691    -4.86947
-0.971647    -2.60091
-1.15806    -1.20565
-1.22286    -0.130331
-1.19142    0.723313
-1.0844    1.39241
-0.915287    1.99434
-0.679987    2.77174
-0.338525    4.26585
0.204699    6.36385
0.714223    3.80227
1.00386    2.15138
1.16204    1.0651
1.22423    0.207042
1.20797    -0.514695
1.12336    -1.17532
0.970985    -1.89607
0.734846    -2.90822
0.36044    -4.84742
-0.224513    -5.79148
-0.667353    -3.33024
-0.928828    -2.02077
-1.0852    -1.14737
-1.16314    -0.4243
-1.17092    0.272063
-1.10662    1.03198
-0.958886    1.96536
-0.699368    3.3482
-0.252902    5.82364
0.31443    4.57326
0.669578    2.77053
0.894803    1.80955
1.03963    1.10606
1.11677    0.428741
1.12212    -0.344905
1.04199    -1.29415
0.853063    -2.56385
0.502639    -4.68049
-0.0494897    -5.26
-0.455873    -3.11617
-0.707155    -2.02084
-0.872085    -1.30866
-0.970775    -0.659037
-1.0003    0.0956123
-0.944775    1.05764
-0.777389    2.37543
-0.442995    4.5352
0.0806716    4.83251
0.448899    2.7644
0.665138    1.66518
0.793981    0.946316
0.857389    0.32185
0.855725    -0.379721
0.774238    -1.29977
0.581369    -2.67097
0.209267    -4.96042
-0.290367    -4.0769
-0.592117    -2.1719
-0.75028    -1.07507
-0.817837    -0.3123
-0.817075    0.318171
-0.753408    0.972851
-0.615606    1.83968
-0.367271    3.28009
0.0671645    5.34316
0.523247    3.43145
0.772098    1.70789
0.883844    0.591551
0.899571    -0.241178
0.840716    -0.920193
0.71593    -1.58978
0.515398    -2.49028
0.194308    -4.13511
-0.307412    -5.19019
-0.708415    -2.93389
-0.922092    -1.45069
-1.01178    -0.38889
-1.0067    0.462405
-0.923349    1.19243
-0.768027    1.93182
-0.528243    2.94807
-0.150622    4.83165
0.3883    4.90353
0.763894    2.80854
0.976771    1.53573
1.08119    0.585166
1.09816    -0.230768
1.0367    -0.996688
0.897096    -1.81743
0.664322    -2.91912
0.286477    -4.85871
-0.259188    -5.01483
-0.649135    -2.99268
-0.885665    -1.82758
-1.02442    -0.973872
-1.08283    -0.196376
-1.06265    0.611807
-0.956563    1.53984
-0.744865    2.77697
-0.37554    4.8043
0.151741    4.74381
0.522798    2.88108
0.754295    1.83265
0.897921    1.05929
0.966663    0.306278
0.955561    -0.55417
0.848876    -1.62842
0.614982    -3.17398
0.194211    -5.15746
-0.262386    -3.61069
-0.542614    -2.15376
-0.711387    -1.2766
-0.803411    -0.573527
-0.825085    0.156777
-0.766481    1.05549
-0.60237    2.31627
-0.27843    4.33038
0.193766    4.17837
0.508175    2.28839
0.676168    1.15858
0.750513    0.362533
0.752343    -0.320136
0.68494    -1.04974
0.534382    -2.02757
0.258773    -3.65231
-0.19105    -4.75922
-0.563883    -2.72519
-0.759264    -1.29366
-0.836244    -0.294067
-0.824728    0.500606
-0.738581    1.22205
-0.576974    2.04961
-0.3141    3.337
0.111891    5.11032
0.562873    3.53052
0.827003    1.8916
0.957547    0.77269
0.988534    -0.127341
0.935557    -0.921687
0.804161    -1.7197
0.584638    -2.73894
0.233759    -4.46369
-0.277703    -4.92143
-0.663797    -2.94322
-0.891146    -1.69345
-1.01254    -0.76394
-1.0472    0.0628004
-1.00011    0.885121
-0.866968    1.80753
-0.627908    3.06832
-0.228495    5.04476
0.277956    4.3046
0.616045    2.63305
0.825434    1.61822
0.946015    0.806449
0.986744    -0.000957297
0.942505    -0.908296
0.797882    -2.03988
0.517116    -3.71923
0.0583845    -4.94211
-0.345498    -3.14158
-0.593075    -1.92337
-0.742495    -1.09861
-0.815151    -0.351788
-0.809894    0.482085
-0.711401    1.54106
-0.485969    3.09361
-0.0829716    4.71657
0.31798    3.09566
0.551141    1.6984
0.673257    0.794455
0.715637    0.06635
0.686329    -0.666369
0.57656    -1.57744
0.355672    -2.9635
-0.0318748    -4.65092
-0.437946    -3.13686
-0.66678    -1.57118
-0.768373    -0.517355
-0.777676    0.305482
-0.709986    1.04642
-0.56558    1.87649
-0.321826    3.11182
0.0769421    4.83282
0.517815    3.52158
0.781393    1.88367
0.910753    0.757962
0.939976    -0.14842
0.884277    -0.957034
0.747964    -1.7869
0.51871    -2.87645
0.149692    -4.65743
-0.348    -4.45391
-0.695233    -2.64325
-0.897774    -1.47892
-0.999014    -0.569078
-1.01397    0.265516
-0.945293    1.11907
-0.785487    2.11913
-0.506957    3.57764
-0.0577451    5.18148
0.390318    3.57412
0.672864    2.20484
0.845299    1.28319
0.932855    0.47085
0.938017    -0.382958
0.851519    -1.38222
0.650767    -2.72153
0.287333    -4.60937
-0.171476    -3.90193
-0.476524    -2.35092
-0.660594    -1.39136
-0.760745    -0.622872
-0.784365    0.166027
-0.722185    1.1174
-0.549212    2.43363
-0.215414    4.30708
0.216026    3.63888
0.491074    2.00793
0.637002    0.978791
0.694812    0.200725
0.678749    -0.526693
0.585627    -1.37205
0.392402    -2.59044
0.0467168    -4.37439
-0.380149    -3.52483
-0.640976    -1.8282
-0.763778    -0.692787
-0.787887    0.18097
-0.73107    0.948462
-0.596662    1.76565
-0.367503    2.91218
0.00725616    4.64802
0.461765    3.79817
0.74992    2.10084
0.899299    0.945962
0.946416    0.0214476
0.90671    -0.8071
0.784625    -1.64909
0.569909    -2.71241
0.221397    -4.41061
-0.269177    -4.60577
-0.632781    -2.79316
-0.849063    -1.61014
-0.963326    -0.698951
-0.991054    0.141805
-0.933949    1.01322
-0.783476    2.03892
-0.511939    3.51275
-0.0726571    5.00914
0.359122    3.44812
0.631744    2.124
0.797018    1.21812
0.878237    0.406844
0.876371    -0.463039
0.779918    -1.50869
0.56181    -2.95729
0.176015    -4.63197
-0.241122    -3.36385
-0.501898    -1.98067
-0.652481    -1.07845
-0.722027    -0.31883
-0.714693    0.485181
-0.61839    1.49172
-0.401399    2.9651
-0.019031    4.42156
0.357468    2.89861
0.571312    1.49492
0.67081    0.544163
0.685911    -0.22643
0.625874    -0.986132
0.482827    -1.92819
0.223647    -3.38554
-0.188665    -4.40611
-0.545454    -2.67263
-0.738337    -1.28193
-0.813756    -0.268527
