1.5708, 1.5708

1.58341, 1.57078

1.49802, 1.57058

1.31794, 1.56446

1.06132, 1.52111

0.765127, 1.38074

0.478694, 1.0872

0.26272, 0.612349

0.131131, -0.0049629

-0.0646107, -0.554993

-0.382865, -0.914248

-0.767054, -1.07879

-1.14375, -1.1209

-1.43387, -1.15964

-1.61203, -1.22934

-1.68628, -1.3095

-1.66346, -1.38628

-1.5423, -1.46274

-1.32261, -1.54025

-1.02917, -1.57484

-0.704188, -1.48851

-0.392648, -1.22351

-0.163923, -0.753197

-0.0825543, -0.0799964

0.00861263, 0.590051

0.263923, 1.05004

0.616509, 1.28869

0.999297, 1.32777

1.35145, 1.25692

1.60417, 1.19499

1.74817, 1.15571

1.797, 1.11151

1.75576, 1.05038

1.61876, 0.983509

1.37049, 0.946888

0.994039, 0.982297

0.541791, 1.00718

0.129212, 0.835705

-0.174253, 0.425413

-0.305841, -0.196397

-0.365616, -0.870184

-0.539127, -1.36521

-0.781953, -1.68241

-1.02572, -1.85407

-1.22641, -1.92346

-1.35767, -1.93511

-1.4041, -1.92065

-1.36046, -1.89134

-1.23222, -1.83711

-1.0362, -1.72801

-0.802102, -1.52122

-0.576014, -1.17483

-0.413218, -0.664188

-0.293063, -0.0511407

-0.0605776, 0.450639

0.302432, 0.752653

0.732683, 0.863316

1.13127, 0.907475

1.41489, 1.00698

1.57658, 1.15482

1.62729, 1.32013

1.57326, 1.49097

1.41963, 1.66289

1.1877, 1.80168

0.905021, 1.84721

0.590766, 1.74481

0.281795, 1.45349

0.0590222, 0.958829

0.0316855, 0.240376

0.0915831, -0.57897

-0.0760812, -1.16212

-0.385907, -1.52786

-0.739031, -1.67542

-1.08747, -1.63041

-1.40668, -1.45551

-1.64023, -1.25999

-1.76054, -1.08539

-1.77503, -0.910607

-1.68301, -0.730839

-1.47486, -0.573842

-1.13484, -0.504953

-0.63741, -0.606001

-0.0828031, -0.707082

0.361334, -0.524955

0.647388, -0.0877571

0.71034, 0.552324

0.652355, 1.25777

0.698262, 1.78898

0.804544, 2.1872

0.909705, 2.49217

0.974152, 2.7285

0.974643, 2.91116

0.896308, 3.04019

0.725566, 3.0948

0.449836, 3.03436

0.0732569, 2.82121

-0.363062, 2.45645

-0.789645, 1.97663

-1.12573, 1.43525

-1.29012, 0.902988

-1.24486, 0.405042

-0.972837, -0.153704

-0.41972, -0.954265

-0.0128568, -1.46827

0.300389, -1.74332

0.604386, -1.84065

0.909409, -1.78252

1.18039, -1.62116

1.37777, -1.41151

1.47679, -1.18909

1.46451, -0.9725

1.33983, -0.75469

1.10475, -0.49247

0.725061, -0.087904

0.115294, 0.59673

-0.350917, 1.00908

-0.710329, 1.15318

-1.02617, 1.11067

-1.28554, 0.938643

-1.45208, 0.705097

-1.50012, 0.460981

-1.42281, 0.216967

-1.21498, -0.064108

-0.830702, -0.489535

-0.296221, -1.0373

0.118167, -1.28827

0.485144, -1.28983

0.81629, -1.0841

1.05887, -0.737438

1.15193, -0.323348

1.0564, 0.150305

0.72241, 0.78491

0.351425, 1.37509

0.0931772, 1.73208

-0.137834, 1.9329

-0.380234, 1.98718

-0.634942, 1.89923

-0.871133, 1.6978

-1.04603, 1.42617

-1.12237, 1.12333

-1.07773, 0.804278

-0.897861, 0.438056

-0.527129, -0.092478

0.0157887, -0.801178

0.363978, -1.18977

0.628062, -1.39013

0.852607, -1.45617

1.03624, -1.42033

1.15925, -1.31833

1.20265, -1.17864

1.15622, -1.01187

1.01651, -0.804737

0.772182, -0.513181

0.359285, -0.0230066

-0.193651, 0.633463

-0.550018, 0.976096

-0.815151, 1.13557

-1.0245, 1.17317

-1.17325, 1.12851

-1.24569, 1.03562

-1.23031, 0.913474

-1.12321, 0.758148

-0.919795, 0.538853

-0.586935, 0.180109

-0.05773, -0.424279

0.367663, -0.840053

0.671907, -1.01961

0.915255, -1.04779

1.09909, -0.970238

1.20494, -0.828815

1.21556, -0.652365

1.12118, -0.44247

0.907515, -0.162089

0.519577, 0.292587

0.0286269, 0.83205

-0.324322, 1.09766

-0.612861, 1.16562

-0.857228, 1.08247

-1.03624, 0.892519

-1.1181, 0.641338

-1.07939, 0.349475

-0.896422, -0.0141625

-0.515712, -0.551401

-0.103618, -1.05766

0.1945, -1.3204

0.449658, -1.40929

0.680016, -1.35157

0.866845, -1.17711

0.975259, -0.926045

0.974309, -0.625783

0.838291, -0.261658

0.511753, 0.262167

0.0718659, 0.877351

-0.218965, 1.23607

-0.438727, 1.42783

-0.625193, 1.49202

-0.780733, 1.44883

-0.889209, 1.32234

-0.929238, 1.13596

-0.882605, 0.899612

-0.731103, 0.59511

-0.428202, 0.144802

0.0538526, -0.513143

0.379989, -0.932761

0.593216, -1.17303

0.744016, -1.30084

0.843916, -1.34239

0.890254, -1.31414

0.876651, -1.22539

0.796754, -1.0748

0.640219, -0.84516

0.374867, -0.48518

-0.0680119, 0.106863

-0.450679, 0.615474

-0.673372, 0.913681

-0.804844, 1.10162

-0.866525, 1.21463

-0.865671, 1.2644

-0.806768, 1.24983

-0.69273, 1.16039

-0.518936, 0.976396

-0.257588, 0.655189

0.159985, 0.104837

0.545812, -0.421529

0.756488, -0.741523

0.859304, -0.959495

0.878821, -1.11178

0.828127, -1.20317

0.719407, -1.22212

0.56129, -1.14936

0.348635, -0.959623

0.0424213, -0.59979

-0.398886, -0.0209416

-0.704612, 0.407206

-0.859499, 0.681162

-0.910984, 0.876421

-0.877676, 1.01235

-0.773995, 1.08129

-0.612875, 1.06195

-0.396474, 0.926439

-0.097032, 0.627514

0.334613, 0.106205

0.675508, -0.3218

0.862803, -0.579625

0.946677, -0.74953

0.944678, -0.859631

0.866687, -0.909916

0.721016, -0.88311

0.507521, -0.74946

0.197656, -0.454301

-0.248147, 0.0535464

-0.594613, 0.435248

-0.805277, 0.642059

-0.925696, 0.750055

-0.967989, 0.791203

-0.934505, 0.775323

-0.825022, 0.694765

-0.632091, 0.522651

-0.32108, 0.196201

0.125053, -0.311229

0.458375, -0.643985

0.681161, -0.800966

0.830466, -0.845549

0.91077, -0.809655

0.915693, -0.710685

0.835787, -0.549048

0.653357, -0.297822

0.322343, 0.117868

-0.0872502, 0.609313

-0.370534, 0.887029

-0.573325, 1.00785

-0.719725, 1.01514

-0.807059, 0.934281

-0.822414, 0.782625

-0.749409, 0.561613

-0.560812, 0.238923

-0.207861, -0.262467

0.14739, -0.73442

0.377296, -1.00283

0.536835, -1.13706

0.646744, -1.16861

0.707083, -1.11414

0.70838, -0.984287

0.635979, -0.778667

0.464443, -0.471157

0.139505, 0.015847

-0.230472, 0.549939

-0.451635, 0.877613

-0.580225, 1.07604

-0.646423, 1.18269

-0.660955, 1.20937

-0.62613, 1.15809

-0.537658, 1.02369

-0.380288, 0.788159

-0.111644, 0.397067

0.280786, -0.170408

0.538871, -0.574042

0.66695, -0.832079

0.707864, -1.00185

0.680989, -1.0969

0.598418, -1.11229

0.46557, -1.03454

0.273867, -0.841194

-0.0151771, -0.481043

-0.404198, 0.0454949

-0.656641, 0.418429

-0.777505, 0.657074

-0.80427, 0.815154

-0.754088, 0.903754

-0.638327, 0.91297

-0.460962, 0.821047

-0.205903, 0.590126

0.170094, 0.160759

0.52803, -0.266871

0.73967, -0.516896

0.849702, -0.660737

0.877623, -0.732956

0.830234, -0.741011

0.709435, -0.674489

0.507068, -0.504685

0.187118, -0.169984

-0.228641, 0.298554

-0.520711, 0.586646

-0.709135, 0.72322

-0.82192, 0.760871

-0.862732, 0.724577

-0.82686, 0.623003

-0.704106, 0.445527

-0.467664, 0.148547

-0.0875211, -0.318329

0.243761, -0.688606

0.467511, -0.875325

0.623631, -0.935857

0.720706, -0.899918

0.751547, -0.78514

0.702244, -0.596297

0.549695, -0.31212

0.249423, 0.132349

-0.101836, 0.617321

-0.330889, 0.909454

-0.481201, 1.06393

-0.578264, 1.11523

-0.626223, 1.07859

-0.618504, 0.961619

-0.541123, 0.761468

-0.366733, 0.450262

-0.0470954, -0.038954

0.277919, -0.529116

0.463508, -0.833889

0.559774, -1.02088

0.593446, -1.11938

0.57575, -1.13607

0.509523, -1.06823

0.388112, -0.905082

0.187079, -0.616688

-0.139892, -0.143324

-0.454517, 0.332859

-0.61969, 0.637507

-0.681446, 0.837103

-0.666117, 0.957477

-0.588446, 0.99766

-0.456004, 0.94449

-0.262862, 0.774838

0.0243875, 0.440908

0.397064, -0.0407927

0.64366, -0.379639

0.766561, -0.588138

0.798569, -0.714804

0.75373, -0.771162

0.639146, -0.748421

0.452707, -0.622662

0.169003, -0.345911

-0.224223, 0.0983915

-0.525818, 0.422921

-0.709344, 0.592994

-0.808042, 0.665308

-0.831147, 0.664671

-0.778287, 0.596201

-0.642149, 0.446075

-0.398104, 0.171097

-0.0242231, -0.265837

0.295718, -0.606287

0.509702, -0.773555

0.651834, -0.821048

0.729055, -0.777508

0.734615, -0.657477

0.654619, -0.458921

0.461564, -0.148424

0.128125, 0.318519

-0.170359, 0.708763

-0.364807, 0.926285

-0.494382, 1.0217

-0.572569, 1.01925

-0.596725, 0.930984

-0.554975, 0.75978

-0.425078, 0.489419

-0.164087, 0.0648178

0.167505, -0.442463

0.372856, -0.775179

0.483204, -0.976344

0.530187, -1.08185

0.526632, -1.10166

0.475215, -1.03536

0.368693, -0.87428

0.183226, -0.591171

-0.122748, -0.133137

-0.419729, 0.330142

-0.574962, 0.629499

-0.629602, 0.822547

-0.609688, 0.932929

-0.529389, 0.9593

-0.394249, 0.888636

-0.194459, 0.696158

0.10498, 0.333939

0.446863, -0.11566

0.654035, -0.411816

0.749214, -0.593277

0.758493, -0.695955

0.693422, -0.724942

0.558151, -0.667244

0.343527, -0.492637

0.0167417, -0.147952

-0.348676, 0.260499

-0.5895, 0.50106

-0.732196, 0.616357

-0.7966, 0.645991

-0.785921, 0.604915

-0.695786, 0.489828

-0.510637, 0.273956

-0.196213, -0.0978913

0.157781, -0.503523

0.402316, -0.731079

0.56677, -0.821582

0.667399, -0.810693

0.701425, -0.716916

0.65709, -0.545054

0.512538, -0.275698

0.230106, 0.144844

-0.0927832, 0.592973

-0.305504, 0.86493

-0.442667, 1.00423

-0.526517, 1.04142

-0.56008, 0.989731

-0.535581, 0.853817

-0.435715, 0.624857

-0.224917, 0.262277

0.104857, -0.249906

0.342814, -0.636714

0.468105, -0.8754

0.519895, -1.01307

0.516155, -1.06396

0.46361, -1.02813

0.359042, -0.897354

0.183786, -0.648502

-0.101676, -0.232119

-0.409253, 0.23479

-0.578516, 0.543195

-0.64164, 0.740694

-0.625914, 0.854922

-0.545703, 0.885948

-0.406666, 0.820233

-0.199051, 0.631091

0.109786, 0.272024

0.445374, -0.150079

0.649751, -0.418562

0.748091, -0.574979

0.763026, -0.652854

0.703261, -0.65777

0.569695, -0.577083

0.348972, -0.377976

0.0106435, -0.0114168

-0.3332, 0.36278

-0.558526, 0.568113

-0.695521, 0.652763

-0.758493, 0.650653

-0.746903, 0.575142

-0.652283, 0.421459

-0.452698, 0.157465

-0.12339, -0.257476

0.185678, -0.618119

0.393603, -0.809081

0.532553, -0.875961

0.612611, -0.845465

0.62826, -0.730957

0.56498, -0.532081

0.395129, -0.220907

0.0916716, 0.242736

-0.18316, 0.647293

-0.350655, 0.888212

-0.44894, 1.01292

-0.49561, 1.04293

-0.493349, 0.985531

-0.434664, 0.839348

-0.299748, 0.587443

-0.0491332, 0.181695

0.260367, -0.307012

0.443934, -0.638061

0.525035, -0.845699

0.534504, -0.962193

0.487429, -0.992796

