1, -1.7949e-09
2, -3.58979e-09

0.999921, 0.0126084
1.99992, 0.0125954

0.997353, -0.0727075
1.99735, -0.0729188

0.968202, -0.25017
1.96818, -0.256502

0.872999, -0.487722
1.87177, -0.537383

0.692629, -0.721294
1.67462, -0.910206

0.460621, -0.887597
1.34595, -1.35256

0.259708, -0.965687
0.834499, -1.78399

0.130756, -0.991415
0.125793, -1.9914

-0.0645658, -0.997913
-0.591503, -1.84782

-0.373579, -0.927598
-1.16568, -1.53798

-0.694017, -0.719959
-1.5754, -1.19235

-0.910191, -0.414188
-1.81068, -0.849062

-0.990641, -0.136494
-1.9073, -0.536162

-0.99915, 0.0412187
-1.94142, -0.29364

-0.993339, 0.115225
-1.9594, -0.143107

-0.99571, 0.092529
-1.97873, -0.090945

-0.999594, -0.028495
-1.99376, -0.13634

-0.96936, -0.245644
-1.96889, -0.276188

-0.856874, -0.515526
-1.85687, -0.511485

-0.647415, -0.762137
-1.64403, -0.844329

-0.382636, -0.923899
-1.32294, -1.26425

-0.16319, -0.986595
-0.847164, -1.7161

-0.0824606, -0.996594
-0.162372, -1.9934

0.00861252, -0.999963
0.565016, -1.83088

0.260869, -0.965374
1.12831, -1.46291

0.578191, -0.815902
1.53866, -1.09428

0.841091, -0.540894
1.81171, -0.781533

0.976041, -0.217588
1.92719, -0.526334

0.999443, 0.0333712
1.92966, -0.333649

0.984311, 0.176442
1.89939, -0.22683

0.974525, 0.22428
1.8709, -0.219026

0.982943, 0.18391
1.85055, -0.313334

0.99885, 0.0479477
1.8313, -0.506157

0.980007, -0.198965
1.79161, -0.783177

0.838235, -0.545309
1.67001, -1.10042

0.515672, -0.856786
1.361, -1.39103

0.128852, -0.991664
0.870622, -1.66232

-0.173372, -0.984856
0.239325, -1.89572

-0.301095, -0.953594
-0.496232, -1.93437

-0.357525, -0.933904
-1.12197, -1.57859

-0.513387, -0.858157
-1.49233, -1.0623

-0.704666, -0.709539
-1.69844, -0.598153

-0.85509, -0.51848
-1.81524, -0.238983

-0.941282, -0.337622
-1.87974, 0.00777708

-0.977374, -0.211518
-1.91174, 0.144787

-0.986138, -0.165929
-1.92556, 0.17683

-0.977962, -0.208784
-1.92703, 0.106299

-0.943229, -0.332142
-1.90798, -0.0689693

-0.860475, -0.509493
-1.84814, -0.352925

-0.718819, -0.695197
-1.71759, -0.744758

-0.544686, -0.83864
-1.46731, -1.22434

-0.401558, -0.915834
-1.01798, -1.70325

-0.288886, -0.957363
-0.340004, -1.95606

-0.0605405, -0.998166
0.375001, -1.89833

0.297843, -0.954615
0.98142, -1.68449

0.668867, -0.743382
1.42887, -1.3933

0.904952, -0.425513
1.6929, -1.04125

0.987871, -0.155279
1.83309, -0.689695

0.999983, 0.00578732
1.91471, -0.398294

0.998404, 0.0564669
1.96715, -0.191587

0.999997, 0.00246443
1.99681, -0.0772746

0.988596, -0.150595
1.98436, -0.0586356

0.927511, -0.373795
1.90098, -0.144961

0.786438, -0.617669
1.74848, -0.344766

0.556997, -0.830514
1.54189, -0.657373

0.27808, -0.960558
1.27121, -1.07759

0.0589879, -0.998259
0.877507, -1.57274

0.0316802, -0.999498
0.269748, -1.97075

0.0914551, -0.995809
-0.455707, -1.83284

-0.0760078, -0.997107
-0.993655, -1.3945

-0.3764, -0.926457
-1.37548, -0.969376

-0.673572, -0.739121
-1.6681, -0.634688

-0.885453, -0.46473
-1.88368, -0.405155

-0.986562, -0.163384
-1.97992, -0.278417

-0.997591, 0.0693757
-1.94968, -0.236451

-0.982052, 0.188608
-1.86654, -0.277958

-0.979216, 0.202819
-1.76909, -0.410448

-0.993711, 0.111979
-1.66121, -0.632636

-0.995401, -0.0957933
-1.53826, -0.935614

-0.906466, -0.422279
-1.39023, -1.29748

-0.595116, -0.80364
-1.1647, -1.62557

-0.0827085, -0.996574
-0.732327, -1.75683

0.353522, -0.935426
-0.147652, -1.80077

0.603105, -0.797662
0.515461, -1.79381

0.652091, -0.75814
1.17676, -1.60945

0.607059, -0.794656
1.55847, -1.10259

0.642887, -0.765961
1.61918, -0.549505

0.720515, -0.69344
1.53648, -0.115334

0.789322, -0.613979
1.39405, 0.182452

0.827226, -0.56187
1.22867, 0.354012

0.827502, -0.561463
1.0559, 0.412104

0.781027, -0.624498
0.88226, 0.370365

0.663559, -0.748124
0.71033, 0.250782

0.434818, -0.900519
0.541849, 0.0937371

0.0731914, -0.997318
0.388125, -0.0482042

-0.355138, -0.934814
0.277649, -0.160488

-0.710104, -0.704097
0.208672, -0.309316

-0.902581, -0.430521
0.0882464, -0.565656

-0.960869, -0.277003
-0.175688, -0.89627

-0.947352, -0.320193
-0.553296, -1.23928

-0.826486, -0.562957
-0.979586, -1.55117

-0.407505, -0.913203
-1.22339, -1.49141

-0.0128564, -0.999917
-1.0076, -1.10227

0.295891, -0.955222
-0.689263, -0.78355

0.568257, -0.822851
-0.395552, -0.55626

0.789141, -0.614212
-0.188528, -0.404063

0.924754, -0.380565
-0.073978, -0.330226

0.981427, -0.191834
-0.00591372, -0.350446

0.995584, -0.0938706
0.0675534, -0.466374

0.994357, -0.106084
0.168061, -0.66932

0.973445, -0.228922
0.288382, -0.957407

0.89335, -0.449361
0.420547, -1.33053

0.663181, -0.748459
0.57539, -1.7446

0.115039, -0.993361
0.67698, -1.82054

-0.343759, -0.939058
0.502584, -1.4717

-0.652084, -0.758147
0.261974, -1.16373

-0.855321, -0.518098
0.0406752, -0.962159

-0.95959, -0.281403
-0.152833, -0.872286

-0.992962, -0.118435
-0.344854, -0.879984

-0.997503, -0.0706208
-0.552676, -0.966237

-0.98907, -0.147448
-0.773801, -1.124

-0.937364, -0.348351
-1.00143, -1.3463

-0.738405, -0.674358
-1.20862, -1.55691

-0.291908, -0.956446
-1.15294, -1.46499

0.117892, -0.993026
-0.842463, -1.27181

0.466336, -0.884608
-0.494452, -1.16189

0.72861, -0.684929
-0.155274, -1.15263

0.871803, -0.489856
0.199409, -1.23005

0.91355, -0.406727
0.595808, -1.3549

0.870589, -0.492011
1.02033, -1.48074

0.661195, -0.750214
1.36796, -1.45767

0.344236, -0.938883
1.32515, -1.13334

0.0930424, -0.995662
1.08006, -0.835076

-0.137398, -0.990516
0.797754, -0.63627

-0.371137, -0.928578
0.543419, -0.52412

-0.593131, -0.805106
0.353416, -0.482541

-0.765059, -0.64396
0.226887, -0.5173

-0.865443, -0.501007
0.124117, -0.64513

-0.901129, -0.43355
0.00041674, -0.866233

-0.880885, -0.473331
-0.160554, -1.16696

-0.781995, -0.623284
-0.357815, -1.52886

-0.503055, -0.864255
-0.595401, -1.85998

0.015788, -0.999875
-0.702388, -1.69574

0.355995, -0.934488
-0.57229, -1.30636

0.587578, -0.809168
-0.396146, -0.988853

0.752999, -0.658022
-0.240438, -0.772401

0.860493, -0.509462
-0.128207, -0.659365

0.916503, -0.400027
-0.0517964, -0.649818

0.932998, -0.359882
0.00891168, -0.742067

0.915286, -0.402805
0.0674599, -0.93308

0.850277, -0.526335
0.129629, -1.21964

0.6977, -0.71639
0.206749, -1.58758

0.351605, -0.936149
0.3286, -1.93588

-0.192443, -0.981308
0.399496, -1.78729

-0.522702, -0.852515
0.305614, -1.41278

-0.727829, -0.685759
0.178944, -1.10738

-0.854454, -0.519527
0.0675297, -0.906756

-0.922015, -0.387153
-0.01824, -0.81516

-0.947617, -0.319408
-0.0874383, -0.8294

-0.942594, -0.333942
-0.150962, -0.944941

-0.901496, -0.432788
-0.213917, -1.1589

-0.795477, -0.605984
-0.282325, -1.46428

-0.553812, -0.832642
-0.374676, -1.81647

-0.057698, -0.998334
-0.469361, -1.90967

0.359436, -0.93317
-0.385243, -1.60059

0.62248, -0.782636
-0.229422, -1.30634

0.792718, -0.609588
-0.073601, -1.10908

0.890796, -0.454403
0.065776, -1.01951

0.933818, -0.35775
0.196687, -1.0335

0.937566, -0.347809
0.330498, -1.14246

0.900614, -0.434619
0.472441, -1.33832

0.787976, -0.615706
0.626596, -1.6026

0.496513, -0.868029
0.784943, -1.82553

0.028623, -0.99959
0.767936, -1.67295

-0.318667, -0.947867
0.571476, -1.40355

-0.57521, -0.818006
0.343821, -1.21219

-0.756031, -0.654536
0.127089, -1.12368

-0.860496, -0.509457
-0.0818417, -1.13691

-0.899271, -0.437392
-0.301003, -1.23869

-0.88167, -0.471866
-0.539266, -1.41142

-0.781098, -0.624409
-0.79526, -1.62431

-0.493154, -0.869942
-1.01704, -1.72173

-0.103432, -0.994636
-0.974644, -1.48554

0.193276, -0.981144
-0.775538, -1.22893

0.434658, -0.900596
-0.552329, -1.0614

0.628805, -0.777563
-0.347261, -0.995038

0.762291, -0.647235
-0.16121, -1.03083

0.827847, -0.560953
0.0285982, -1.16195

0.827314, -0.56174
0.241582, -1.37225

0.743501, -0.668735
0.484819, -1.6347

0.489706, -0.871887
0.748881, -1.83772

0.071804, -0.997419
0.840852, -1.63661

-0.21722, -0.976123
0.72728, -1.30463

-0.424787, -0.905293
0.565011, -1.04777

-0.585254, -0.81085
0.411645, -0.889545

-0.7038, -0.710398
0.288771, -0.832059

-0.776574, -0.630026
0.19272, -0.87593

-0.801164, -0.598444
0.105776, -1.0197

-0.772396, -0.635141
0.0106899, -1.25705

-0.667691, -0.744438
-0.107092, -1.57253

-0.415236, -0.909714
-0.270939, -1.89925

0.0538266, -0.99855
-0.437091, -1.86976

0.37091, -0.928669
-0.432357, -1.52429

0.559031, -0.829147
-0.362896, -1.21651

0.677248, -0.735754
-0.286535, -1.00244

0.747251, -0.664541
-0.226777, -0.890966

0.777231, -0.629215
-0.190012, -0.883066

0.768601, -0.639729
-0.172339, -0.978304

0.715091, -0.699032
-0.164404, -1.17494

0.597371, -0.801965
-0.150706, -1.46558

0.366149, -0.930556
-0.100219, -1.81515

-0.0679595, -0.997688
0.0387003, -1.99198

-0.435577, -0.900152
0.141769, -1.71665

-0.623625, -0.781723
0.168132, -1.39256

-0.720723, -0.693223
0.171219, -1.14537

-0.762083, -0.647479
0.175157, -0.996162

-0.76153, -0.648129
0.191895, -0.949757

-0.722055, -0.691836
0.226877, -1.00732

-0.63864, -0.769505
0.278317, -1.16849

-0.495957, -0.868347
0.332528, -1.42836

-0.254749, -0.967007
0.35456, -1.75994

0.159304, -0.98723
0.263949, -1.98174

0.519112, -0.854706
0.109955, -1.76717

0.686371, -0.727251
0.0109594, -1.46469

0.757388, -0.652965
-0.0615135, -1.2269

0.769987, -0.63806
-0.126503, -1.08112

0.736666, -0.676256
-0.196516, -1.03566

0.658939, -0.752196
-0.280888, -1.09385

0.532279, -0.846569
-0.380222, -1.25564

0.341615, -0.93984
-0.47736, -1.51367

0.0424086, -0.9991
-0.52206, -1.82455

-0.388392, -0.921494
-0.409332, -1.92127

-0.647738, -0.761863
-0.251693, -1.68009

-0.757516, -0.652817
-0.127819, -1.42966

-0.790107, -0.612969
-0.0216535, -1.25287

-0.769256, -0.638941
0.0788218, -1.16881

-0.698998, -0.715124
0.18357, -1.18531

-0.575222, -0.817998
0.298085, -1.30517

-0.386168, -0.922428
0.413318, -1.52311

-0.0968798, -0.995296
0.490254, -1.80479

0.328404, -0.944537
0.434409, -1.9389

0.625294, -0.78039
0.309019, -1.72906

0.759669, -0.65031
0.211959, -1.48698

0.811478, -0.584383
0.130183, -1.31639

0.810308, -0.586004
0.0527061, -1.23872

0.762189, -0.647355
-0.0272637, -1.26117

0.660148, -0.751136
-0.112569, -1.38589

0.486012, -0.873952
-0.195232, -1.60601

0.196371, -0.98053
-0.242463, -1.8791

-0.245608, -0.969369
-0.192088, -1.96794

-0.560188, -0.828365
-0.138553, -1.73513

-0.721023, -0.692911
-0.122177, -1.49378

-0.79904, -0.601278
-0.11736, -1.33293

-0.823747, -0.566957
-0.112548, -1.26995

-0.804305, -0.594217
-0.104358, -1.30841

-0.734563, -0.678541
-0.0943577, -1.44674

-0.590833, -0.806794
-0.0916536, -1.67329

-0.315591, -0.948895
-0.120646, -1.92971

0.124727, -0.992191
-0.181502, -1.94415

0.442491, -0.896773
-0.157896, -1.69648

0.629695, -0.776842
-0.0883334, -1.47286

0.738246, -0.674532
-0.0100899, -1.33785

0.789976, -0.613137
0.0659268, -1.30289

0.792985, -0.609241
0.140632, -1.36716

0.741825, -0.670594
0.219949, -1.52362

0.607856, -0.794048
0.314417, -1.75003

0.31679, -0.948496
0.434385, -1.94156

-0.0871395, -0.996196
0.485165, -1.81624

-0.362113, -0.932134
0.413085, -1.56385

-0.542428, -0.840102
0.303258, -1.37378

-0.659178, -0.751987
0.190378, -1.27948

-0.722256, -0.691626
0.0819157, -1.28602

-0.732791, -0.680454
-0.0276474, -1.38952

-0.681206, -0.732092
-0.148654, -1.57849

-0.531874, -0.846823
-0.295218, -1.81842

-0.206367, -0.978475
-0.465831, -1.94423

0.146856, -0.989158
-0.5233, -1.73138

0.368408, -0.929664
-0.47459, -1.46758

0.511419, -0.859331
-0.395982, -1.2796

0.602591, -0.79805
-0.317615, -1.18948

0.649619, -0.76026
-0.247912, -1.20121

0.650604, -0.759417
-0.182273, -1.31287

0.593965, -0.804491
-0.108366, -1.51634

0.447925, -0.894071
-0.00599244, -1.78511

0.139053, -0.990285
0.154899, -1.99016

-0.228437, -0.973559
0.294198, -1.82612

-0.436438, -0.899735
0.332778, -1.53872

-0.548212, -0.83634
0.331873, -1.31116

-0.602335, -0.798243
0.323292, -1.17668

-0.613871, -0.789407
0.321524, -1.14301

-0.586013, -0.810302
0.330027, -1.21139

-0.512125, -0.858911
0.341909, -1.37913

-0.371188, -0.928558
0.337869, -1.63371

-0.111412, -0.993774
0.275303, -1.91597

0.277111, -0.960838
0.107526, -1.94635

0.513167, -0.858289
-0.0298637, -1.698

0.618593, -0.785712
-0.12074, -1.45905

0.650213, -0.759752
-0.192256, -1.2985

0.629561, -0.776951
-0.260233, -1.23331

0.563336, -0.826228
-0.333377, -1.26884

0.448932, -0.893566
-0.410693, -1.40449

0.270456, -0.962732
-0.474983, -1.62931

-0.0151765, -0.999885
-0.47788, -1.8864

-0.393282, -0.919418
-0.347803, -1.91838

-0.61046, -0.792047
-0.204135, -1.70578

-0.701503, -0.712666
-0.0907008, -1.50445

-0.720325, -0.693637
0.00750683, -1.37939

-0.684624, -0.728896
0.101031, -1.34756

-0.595852, -0.803094
0.195471, -1.41449

-0.44481, -0.895625
0.287049, -1.57708

-0.204451, -0.978877
0.352015, -1.80975

0.169275, -0.985569
0.329342, -1.97267

0.503833, -0.863801
0.240118, -1.8284

0.674044, -0.738691
0.17986, -1.60805

0.751083, -0.660207
0.137385, -1.44975

0.769222, -0.638982
0.100152, -1.38218

0.738089, -0.674703
0.0630554, -1.41249

0.651405, -0.75873
0.0269064, -1.53976

0.485616, -0.874172
0.00208395, -1.7495

0.186028, -0.982545
0.0168613, -1.96813

-0.226654, -0.973975
0.0674844, -1.92974

-0.497497, -0.867466
0.0560742, -1.70027

-0.651177, -0.758926
0.0106245, -1.5086

-0.732455, -0.680816
-0.0429021, -1.40505

-0.759622, -0.650365
-0.096803, -1.39914

-0.735808, -0.67719
-0.152332, -1.48932

-0.647353, -0.762191
-0.216419, -1.66457

-0.450803, -0.892624
-0.302801, -1.88161

-0.0874094, -0.996172
-0.40039, -1.94593

0.241354, -0.970437
-0.394108, -1.74257

0.450665, -0.892693
-0.317086, -1.53344

0.583987, -0.811763
-0.221121, -1.40489

0.659915, -0.75134
-0.123361, -1.37301

0.68277, -0.730633
-0.024154, -1.43792

0.645932, -0.763395
0.0843501, -1.59082

0.522427, -0.852684
0.21535, -1.80437

0.246844, -0.969055
0.378808, -1.96031

-0.10166, -0.994819
0.477192, -1.81025

-0.324884, -0.945754
0.464285, -1.55993

-0.462844, -0.88644
0.411424, -1.37188

-0.546571, -0.837413
0.351442, -1.27738

-0.586089, -0.810247
0.295202, -1.28282

-0.579817, -0.814747
0.240302, -1.38694

-0.515099, -0.857131
0.174886, -1.58095

-0.358568, -0.933504
0.076633, -1.83384

-0.047078, -0.998891
-0.0860221, -1.99813

0.274355, -0.961628
-0.230415, -1.82488

0.447089, -0.894489
-0.293462, -1.56649

0.530995, -0.847375
-0.321573, -1.36999

0.559221, -0.829019
-0.34061, -1.26526

0.544464, -0.838784
-0.362523, -1.25994

0.487761, -0.872977
-0.388588, -1.35465

0.378442, -0.925625
-0.408034, -1.54325

0.18599, -0.982552
-0.392346, -1.79835

-0.139437, -0.990231
-0.28227, -1.97998

-0.439028, -0.898473
-0.112282, -1.84359

-0.580783, -0.814058
0.0144109, -1.61764

-0.629917, -0.776662
0.112789, -1.44628

-0.617938, -0.786227
0.199804, -1.36181

-0.555069, -0.831804
0.285136, -1.37407

-0.440364, -0.897819
0.369835, -1.48398

-0.259845, -0.96565
0.439756, -1.68018

0.0243851, -0.999703
0.451146, -1.90407

0.386712, -0.9222
0.345931, -1.92137

0.600127, -0.799905
0.229541, -1.7287

0.693662, -0.720301
0.138849, -1.55228

0.716358, -0.697733
0.0608885, -1.45295

0.684363, -0.729141
-0.0126057, -1.44624

0.59651, -0.802606
-0.0839721, -1.53537

0.437401, -0.899266
-0.145798, -1.7116

0.1682, -0.985753
-0.170854, -1.92652

-0.222349, -0.974967
-0.124116, -1.97013

-0.501921, -0.864914
-0.0914948, -1.77681

-0.651336, -0.758789
-0.0924897, -1.58806

-0.722936, -0.690915
-0.105635, -1.47764

-0.738705, -0.674029
-0.121905, -1.46115

-0.70206, -0.712117
-0.140557, -1.53959

-0.598918, -0.80081
-0.16749, -1.70296

-0.387671, -0.921798
-0.217407, -1.9072

-0.0242207, -0.999707
-0.286937, -1.96458

0.291427, -0.956593
-0.278394, -1.77836

0.487917, -0.87289
-0.210766, -1.58832

0.606645, -0.794973
-0.125215, -1.47643

0.666165, -0.745804
-0.0353406, -1.45847

0.670302, -0.742089
0.05918, -1.53363

0.608857, -0.79328
0.165876, -1.68981

0.445349, -0.895357
0.297469, -1.88436

0.127775, -0.991803
0.440936, -1.9415

-0.169536, -0.985524
0.481359, -1.74469

-0.356769, -0.934193
0.442625, -1.535

-0.474488, -0.880262
0.378506, -1.40218

-0.541793, -0.840512
0.309921, -1.36452

-0.561936, -0.827181
0.240272, -1.42423

-0.526922, -0.849914
0.16184, -1.5749

-0.412392, -0.911007
0.0577215, -1.79361

-0.163351, -0.986568
-0.0985788, -1.98447

0.166722, -0.986004
-0.261444, -1.8897

0.364277, -0.931291
-0.335567, -1.64559

0.464619, -0.885511
-0.363836, -1.44557

0.505695, -0.862713
-0.377133, -1.33241

0.502625, -0.864505
-0.389333, -1.31662

0.457529, -0.889195
-0.402517, -1.39941

0.360397, -0.932799
-0.406685, -1.57435

0.182203, -0.983261
-0.375131, -1.81355

-0.12244, -0.992476
-0.255184, -1.98363

-0.407513, -0.913199
-0.0833361, -1.8592

-0.543803, -0.839213
0.0449369, -1.64754

-0.588823, -0.808262
0.144059, -1.48862

-0.572611, -0.819827
0.230757, -1.41531

-0.505006, -0.863116
0.313784, -1.43721

-0.384115, -0.923285
0.392098, -1.55376

-0.193236, -0.981152
0.448039, -1.74846

0.104787, -0.994495
0.432554, -1.93925

0.432138, -0.901807
0.316736, -1.89513

0.608394, -0.793635
0.20812, -1.71003

0.681064, -0.732224
0.121983, -1.56134

0.687828, -0.725874
0.0467098, -1.49332

0.639173, -0.769063
-0.0239193, -1.5176

0.529618, -0.848236
-0.0892051, -1.63377

0.33681, -0.941573
-0.136141, -1.82266

0.0167409, -0.99986
-0.130672, -1.98893

-0.341653, -0.939826
-0.0840911, -1.90609

-0.555946, -0.831218
-0.0755908, -1.70829

-0.668505, -0.743708
-0.0904382, -1.5597

-0.714983, -0.699142
-0.112993, -1.49765

-0.707476, -0.706737
-0.138784, -1.52929

-0.640989, -0.76755
-0.170515, -1.64996

-0.488733, -0.872434
-0.218191, -1.83514

-0.194956, -0.980812
-0.292691, -1.97602

0.157127, -0.987578
-0.325387, -1.86347

0.391551, -0.920157
-0.276123, -1.66461

0.53691, -0.84364
-0.195315, -1.5247

0.618945, -0.785434
-0.10582, -1.47443

0.645307, -0.763923
-0.0117556, -1.51776

0.610815, -0.791773
0.0923514, -1.64687

0.490391, -0.871503
0.218172, -1.83374

0.228081, -0.973642
0.372419, -1.96317

-0.0926502, -0.995699
0.466179, -1.82498

-0.300774, -0.953696
0.460276, -1.60239

-0.428351, -0.903612
0.415396, -1.44035

-0.502525, -0.864563
0.360599, -1.36955

-0.531254, -0.847213
0.304624, -1.39613

-0.510341, -0.859972
0.243453, -1.51708

-0.422059, -0.906569
0.162923, -1.71762

-0.223026, -0.974813
0.036255, -1.94061

0.104665, -0.994508
-0.142647, -1.96344

0.336139, -0.941812
-0.258417, -1.74587

0.451196, -0.892425
-0.316604, -1.53311

0.496789, -0.867871
-0.351674, -1.39713

0.49354, -0.869723
-0.380743, -1.35514

0.44718, -0.894444
-0.409157, -1.41086

0.351378, -0.936234
-0.430301, -1.55991

0.182754, -0.983159
-0.42124, -1.78015

-0.101501, -0.994835
-0.331541, -1.96802

-0.397924, -0.917418
-0.165285, -1.88998

-0.546782, -0.837275
-0.0299082, -1.69334

-0.59851, -0.801115
0.0762904, -1.53912

-0.585838, -0.810428
0.168681, -1.46671

-0.519019, -0.854763
0.255495, -1.48732

-0.39555, -0.918445
0.335755, -1.6005

-0.197739, -0.980255
0.392287, -1.78764

0.109565, -0.99398
0.378247, -1.95721

0.430796, -0.90245
0.28128, -1.89121

0.604988, -0.796235
0.198541, -1.70991

0.680241, -0.732989
0.136424, -1.57219

0.691112, -0.722748
0.0836563, -1.5171

0.646709, -0.762737
0.0353549, -1.55409

0.539376, -0.842065
-0.00620652, -1.68012

0.341932, -0.939725
-0.0271081, -1.86914

0.0106433, -0.999943
-0.000773315, -1.99988

-0.327068, -0.945001
0.0278067, -1.87991

-0.529937, -0.848037
0.00810557, -1.69095

-0.640786, -0.76772
-0.0334022, -1.56213

-0.687829, -0.725873
-0.0821221, -1.52156

-0.679369, -0.733797
-0.135415, -1.57291

-0.607002, -0.7947
-0.19791, -1.70719

-0.437393, -0.89927
-0.280578, -1.8869

-0.123077, -0.992397
-0.377718, -1.95943

0.184613, -0.982811
-0.394891, -1.79778

0.383518, -0.923533
-0.340135, -1.6137

0.507735, -0.861514
-0.260424, -1.50177

0.575006, -0.818149
-0.173274, -1.48153

0.587738, -0.809051
-0.0798441, -1.55359

0.535399, -0.844599
0.0280713, -1.70635

0.384927, -0.922947
0.165813, -1.89865

0.0915432, -0.995801
0.331903, -1.96649

-0.182137, -0.983273
0.420892, -1.78099

-0.343513, -0.939148
0.432432, -1.56995

-0.43401, -0.900908
0.414373, -1.43029

-0.475568, -0.879679
0.388317, -1.38337

-0.473578, -0.880752
0.359987, -1.43317

-0.421106, -0.907011
0.323102, -1.57496

-0.29528, -0.955411
0.258954, -1.78777

-0.0491134, -0.998793
0.131584, -1.98233

0.257435, -0.966296
-0.0447763, -1.91954

0.429496, -0.903069
-0.166143, -1.70632

0.501243, -0.865306
-0.247192, -1.52851

0.509415, -0.860521
-0.311032, -1.43224

0.468355, -0.88354
-0.369201, -1.42989

